content/post/2020-12-05-hacking-sbe/cast1.cnv
* Sea-Bird SBE 19plus V2 Data File:
* FileName = Cast1.hex
* Software Version Seasave V 7.26.7.121
* Temperature SN = 0001
* Conductivity SN = 0001
* Append System Time to Every Scan
* System UpLoad Time = Jun 04 2020 06:51:13
* NMEA Latitude = 66 37.82718 S
* NMEA Longitude = 063 19.93296 E
* NMEA UTC (Time) = Jun 04 2020 06:50:05
** Ship: SBS University
** Station: Unit 1
** Operator: Somebody
# nquan = 15
# nvalues = 50171                                 
# units = specified
# name 0 = prdM: Pressure, Strain Gauge [db]
# name 1 = v0: Voltage 0
# name 2 = v1: Voltage 1
# name 3 = v2: Voltage 2
# name 4 = v3: Voltage 3
# name 5 = timeY: Time, System [seconds]
# name 6 = timeS: Time, Elapsed [seconds]
# name 7 = scan: Scan Count
# name 8 = latitude: Latitude [deg]
# name 9 = longitude: Longitude [deg]
# name 10 = nbytes: Byte Count
# name 11 = f0: Frequency 0
# name 12 = f1: Frequency 1
# name 13 = f2: Frequency 2
# name 14 = flag:  0.000e+00
# span 0 =      0.748,   4084.532                 
# span 1 =     1.5024,     3.4238                 
# span 2 =     0.0085,     4.9850                 
# span 3 =     0.0458,     4.9859                 
# span 4 =     2.5154,     3.5319                 
# span 5 = 1591253473, 1591266247                 
# span 6 =      0.000,  12542.500                 
# span 7 =          1,      50171                 
# span 8 =  -26.58740,  -26.58692                 
# span 9 =   67.66512,   67.66596                 
# span 10 =         60,    3010260                
# span 11 =     251092,     546474                
# span 12 =   2901.805,   6976.199                
# span 13 =     525117,     714856                
# span 14 = 0.0000e+00, 0.0000e+00                
# interval = seconds: 0.25
# start_time = Jun 04 2020 06:51:13 [System UTC, first data scan.]
# bad_flag = -9.990e-29
*END*
[from data line 4820]
    404.233     2.9553     0.0638     0.0932     3.2709 1591254701   1205.000       4821  -26.58716   67.66546     289260     366542   6372.809     544092  0.000e+00
    404.488     2.9553     0.0637     0.0929     3.2706 1591254701   1205.250       4822  -26.58716   67.66546     289320     366576   6372.578     544104  0.000e+00
    404.829     2.9554     0.0642     0.0931     3.2707 1591254702   1205.500       4823  -26.58716   67.66546     289380     366619   6372.508     544120  0.000e+00
    405.106     2.9551     0.0634     0.0934     3.2708 1591254702   1205.750       4824  -26.58716   67.66546     289440     366654   6372.438     544133  0.000e+00
    405.425     2.9554     0.0642     0.0929     3.2699 1591254702   1206.000       4825  -26.58716   67.66546     289500     366677   6372.313     544148  0.000e+00
    405.766     2.9552     0.0642     0.0926     3.2705 1591254702   1206.250       4826  -26.58716   67.66546     289560     366701   6372.137     544164  0.000e+00
    406.042     2.9556     0.0639     0.0929     3.2707 1591254703   1206.500       4827  -26.58716   67.66546     289620     366732   6371.945     544177  0.000e+00
    406.319     2.9543     0.0641     0.0932     3.2704 1591254703   1206.750       4828  -26.58716   67.66546     289680     366768   6371.875     544190  0.000e+00
    406.532     2.9546     0.0637     0.0928     3.2698 1591254703   1207.000       4829  -26.58716   67.66548     289740     366793   6371.926     544200  0.000e+00
    406.702     2.9535     0.0639     0.0929     3.2710 1591254703   1207.250       4830  -26.58716   67.66548     289800     366804   6372.016     544208  0.000e+00
    406.787     2.9543     0.0639     0.0934     3.2709 1591254704   1207.500       4831  -26.58716   67.66548     289860     366802   6372.262     544212  0.000e+00
    406.894     2.9538     0.0636     0.0935     3.2707 1591254704   1207.750       4832  -26.58716   67.66548     289920     366781   6372.332     544217  0.000e+00
    406.915     2.9534     0.0641     0.0932     3.2703 1591254704   1208.000       4833  -26.58716   67.66548     289980     366757   6372.418     544218  0.000e+00
    406.894     2.9534     0.0637     0.0903     3.2700 1591254704   1208.250       4834  -26.58716   67.66548     290040     366737   6372.383     544217  0.000e+00
    406.979     2.9545     0.0637     0.0900     3.2705 1591254705   1208.500       4835  -26.58716   67.66548     290100     366725   6372.367     544221  0.000e+00
    406.958     2.9529     0.0640     0.0906     3.2706 1591254705   1208.750       4836  -26.58716   67.66548     290160     366723   6372.313     544220  0.000e+00
    406.979     2.9539     0.0639     0.0906     3.2708 1591254705   1209.000       4837  -26.58716   67.66548     290220     366729   6372.156     544221  0.000e+00
    407.043     2.9538     0.0627     0.0883     3.2708 1591254705   1209.250       4838  -26.58716   67.66548     290280     366744   6371.945     544224  0.000e+00
    407.128     2.9545     0.0629     0.0883     3.2704 1591254706   1209.500       4839  -26.58716   67.66548     290340     366768   6371.875     544228  0.000e+00
    407.213     2.9547     0.0620     0.0885     3.2707 1591254706   1209.750       4840  -26.58716   67.66548     290400     366798   6371.820     544232  0.000e+00
    407.426     2.9542     0.0623     0.0882     3.2699 1591254706   1210.000       4841  -26.58716   67.66548     290460     366816   6371.840     544242  0.000e+00
    407.511     2.9550     0.0625     0.0883     3.2705 1591254706   1210.250       4842  -26.58716   67.66548     290520     366825   6371.855     544246  0.000e+00
    407.702     2.9541     0.0623     0.0923     3.2702 1591254707   1210.500       4843  -26.58716   67.66548     290580     366828   6371.855     544255  0.000e+00
    407.958     2.9539     0.0622     0.0915     3.2702 1591254707   1210.750       4844  -26.58716   67.66548     290640     366831   6371.785     544267  0.000e+00
    408.213     2.9548     0.0623     0.0919     3.2704 1591254707   1211.000       4845  -26.58714   67.66548     290700     366838   6371.750     544279  0.000e+00
    408.469     2.9541     0.0627     0.0916     3.2704 1591254707   1211.250       4846  -26.58714   67.66548     290760     366846   6371.715     544291  0.000e+00
    408.703     2.9539     0.0626     0.0936     3.2702 1591254708   1211.500       4847  -26.58714   67.66548     290820     366853   6371.680     544302  0.000e+00
    409.001     2.9528     0.0629     0.0947     3.2708 1591254708   1211.750       4848  -26.58714   67.66548     290880     366862   6371.699     544316  0.000e+00
    409.320     2.9533     0.0625     0.0936     3.2694 1591254708   1212.000       4849  -26.58714   67.66548     290940     366869   6371.680     544331  0.000e+00
    409.597     2.9535     0.0626     0.0938     3.2702 1591254708   1212.250       4850  -26.58714   67.66548     291000     366870   6371.699     544344  0.000e+00
    409.959     2.9535     0.0643     0.0944     3.2704 1591254709   1212.500       4851  -26.58714   67.66548     291060     366873   6371.645     544361  0.000e+00
    410.215     2.9525     0.0638     0.0936     3.2697 1591254709   1212.750       4852  -26.58714   67.66548     291120     366878   6371.574     544373  0.000e+00
    410.513     2.9535     0.0642     0.0936     3.2700 1591254709   1213.000       4853  -26.58714   67.66548     291180     366886   6371.434     544387  0.000e+00
    410.811     2.9527     0.0642     0.0937     3.2696 1591254709   1213.250       4854  -26.58714   67.66548     291240     366904   6371.273     544401  0.000e+00
    411.045     2.9525     0.0637     0.0941     3.2692 1591254710   1213.500       4855  -26.58714   67.66548     291300     366932   6371.063     544412  0.000e+00
    411.215     2.9516     0.0637     0.0937     3.2697 1591254710   1213.750       4856  -26.58714   67.66548     291360     366965   6370.941     544420  0.000e+00
    411.407     2.9516     0.0640     0.0936     3.2698 1591254710   1214.000       4857  -26.58714   67.66548     291420     366997   6370.852     544429  0.000e+00
    411.598     2.9516     0.0638     0.0935     3.2697 1591254710   1214.250       4858  -26.58714   67.66548     291480     367024   6370.781     544438  0.000e+00
    411.748     2.9520     0.0639     0.0941     3.2699 1591254711   1214.500       4859  -26.58714   67.66548     291540     367046   6370.727     544445  0.000e+00
    411.854     2.9516     0.0636     0.0941     3.2702 1591254711   1214.750       4860  -26.58714   67.66548     291600     367061   6370.656     544450  0.000e+00
    412.088     2.9516     0.0637     0.0941     3.2702 1591254711   1215.000       4861  -26.58714   67.66548     291660     367076   6370.691     544461  0.000e+00
    412.237     2.9515     0.0635     0.0939     3.2703 1591254711   1215.250       4862  -26.58714   67.66548     291720     367083   6370.551     544468  0.000e+00
    412.429     2.9512     0.0638     0.0940     3.2696 1591254712   1215.500       4863  -26.58714   67.66548     291780     367093   6370.410     544477  0.000e+00
    412.642     2.9512     0.0637     0.0919     3.2702 1591254712   1215.750       4864  -26.58714   67.66548     291840     367118   6370.289     544487  0.000e+00
    412.918     2.9516     0.0633     0.0916     3.2694 1591254712   1216.000       4865  -26.58716   67.66548     291900     367142   6370.043     544500  0.000e+00
    413.195     2.9503     0.0637     0.0918     3.2699 1591254712   1216.250       4866  -26.58716   67.66548     291960     367177   6369.848     544513  0.000e+00
    413.515     2.9511     0.0632     0.0919     3.2696 1591254713   1216.500       4867  -26.58716   67.66548     292020     367216   6369.707     544528  0.000e+00
    413.898     2.9515     0.0634     0.0934     3.2692 1591254713   1216.750       4868  -26.58716   67.66548     292080     367252   6369.637     544546  0.000e+00
    414.239     2.9509     0.0640     0.0925     3.2697 1591254713   1217.000       4869  -26.58716   67.66548     292140     367281   6369.547     544562  0.000e+00
    414.664     2.9509     0.0635     0.0929     3.2702 1591254713   1217.250       4870  -26.58716   67.66548     292200     367302   6369.441     544582  0.000e+00
    415.069     2.9508     0.0636     0.0934     3.2699 1591254714   1217.500       4871  -26.58716   67.66548     292260     367323   6369.406     544601  0.000e+00
    415.495     2.9503     0.0623     0.0934     3.2704 1591254714   1217.750       4872  -26.58716   67.66548     292320     367341   6369.320     544621  0.000e+00
    415.899     2.9497     0.0627     0.0935     3.2695 1591254714   1218.000       4873  -26.58716   67.66548     292380     367359   6369.250     544640  0.000e+00
    416.325     2.9495     0.0622     0.0939     3.2698 1591254714   1218.250       4874  -26.58716   67.66548     292440     367374   6369.215     544660  0.000e+00
    416.644     2.9488     0.0627     0.0940     3.2697 1591254715   1218.500       4875  -26.58716   67.66548     292500     367388   6368.828     544675  0.000e+00
    416.921     2.9487     0.0626     0.0916     3.2687 1591254715   1218.750       4876  -26.58716   67.66548     292560     367428   6368.316     544688  0.000e+00
    417.177     2.9485     0.0624     0.0918     3.2697 1591254715   1219.000       4877  -26.58716   67.66548     292620     367491   6368.598     544700  0.000e+00
    417.326     2.9487     0.0623     0.0918     3.2691 1591254715   1219.250       4878  -26.58716   67.66548     292680     367522   6369.039     544707  0.000e+00
    417.326     2.9477     0.0624     0.0917     3.2696 1591254716   1219.500       4879  -26.58716   67.66548     292740     367498   6369.125     544707  0.000e+00
    417.326     2.9486     0.0625     0.0919     3.2700 1591254716   1219.750       4880  -26.58716   67.66548     292800     367462   6369.020     544707  0.000e+00
    417.219     2.9483     0.0639     0.0940     3.2700 1591254716   1220.000       4881  -26.58716   67.66548     292860     367449   6369.070     544702  0.000e+00
    417.113     2.9482     0.0639     0.0943     3.2699 1591254716   1220.250       4882  -26.58716   67.66548     292920     367441   6369.285     544697  0.000e+00
    416.921     2.9486     0.0637     0.0939     3.2699 1591254717   1220.500       4883  -26.58716   67.66548     292980     367424   6369.426     544688  0.000e+00
    416.815     2.9490     0.0636     0.0941     3.2696 1591254717   1220.750       4884  -26.58716   67.66548     293040     367393   6369.617     544683  0.000e+00
    416.602     2.9493     0.0637     0.0908     3.2700 1591254717   1221.000       4885  -26.58716   67.66548     293100     367359   6369.918     544673  0.000e+00
    416.474     2.9497     0.0640     0.0906     3.2692 1591254717   1221.250       4886  -26.58716   67.66548     293160     367315   6370.023     544667  0.000e+00
    416.303     2.9498     0.0632     0.0900     3.2698 1591254718   1221.500       4887  -26.58716   67.66548     293220     367274   6369.953     544659  0.000e+00
    416.197     2.9493     0.0639     0.0908     3.2694 1591254718   1221.750       4888  -26.58716   67.66548     293280     367260   6369.883     544654  0.000e+00
    416.154     2.9498     0.0634     0.0911     3.2694 1591254718   1222.000       4889  -26.58714   67.66548     293340     367258   6369.902     544652  0.000e+00
    416.133     2.9507     0.0634     0.0905     3.2689 1591254718   1222.250       4890  -26.58714   67.66548     293400     367256   6369.938     544651  0.000e+00
    416.239     2.9507     0.0636     0.0910     3.2694 1591254719   1222.500       4891  -26.58714   67.66548     293460     367257   6369.938     544656  0.000e+00
    416.431     2.9506     0.0638     0.0906     3.2695 1591254719   1222.750       4892  -26.58714   67.66548     293520     367254   6369.988     544665  0.000e+00
    416.601     2.9500     0.0636     0.0906     3.2700 1591254719   1223.000       4893  -26.58714   67.66548     293580     367251   6370.008     544673  0.000e+00
    416.878     2.9511     0.0645     0.0909     3.2696 1591254719   1223.250       4894  -26.58714   67.66548     293640     367245   6370.129     544686  0.000e+00
    417.197     2.9506     0.0639     0.0900     3.2692 1591254720   1223.500       4895  -26.58714   67.66548     293700     367233   6370.340     544701  0.000e+00
    417.538     2.9501     0.0638     0.0908     3.2692 1591254720   1223.750       4896  -26.58714   67.66548     293760     367221   6368.492     544717  0.000e+00
    417.900     2.9505     0.0628     0.0919     3.2692 1591254720   1224.000       4897  -26.58714   67.66548     293820     367349   6367.402     544734  0.000e+00
    418.304     2.9510     0.0625     0.0918     3.2689 1591254720   1224.250       4898  -26.58714   67.66548     293880     367546   6367.895     544753  0.000e+00
    418.624     2.9495     0.0621     0.0919     3.2693 1591254721   1224.500       4899  -26.58714   67.66548     293940     367637   6366.871     544768  0.000e+00
    419.007     2.9493     0.0623     0.0919     3.2699 1591254721   1224.750       4900  -26.58714   67.66548     294000     367750   6366.238     544786  0.000e+00
    419.348     2.9487     0.0624     0.0918     3.2693 1591254721   1225.000       4901  -26.58714   67.66548     294060     367875   6365.535     544802  0.000e+00
    419.646     2.9488     0.0639     0.0938     3.2693 1591254721   1225.250       4902  -26.58714   67.66548     294120     368007   6364.902     544816  0.000e+00
    419.965     2.9474     0.0637     0.0935     3.2692 1591254722   1225.500       4903  -26.58714   67.66548     294180     368140   6364.359     544831  0.000e+00
    420.221     2.9468     0.0639     0.0936     3.2699 1591254722   1225.750       4904  -26.58714   67.66548     294240     368265   6363.637     544843  0.000e+00
    420.455     2.9467     0.0637     0.0932     3.2694 1591254722   1226.000       4905  -26.58714   67.66548     294300     368397   6363.023     544854  0.000e+00
    420.668     2.9457     0.0634     0.0932     3.2694 1591254722   1226.250       4906  -26.58714   67.66548     294360     368528   6362.723     544864  0.000e+00
    420.902     2.9466     0.0632     0.0933     3.2699 1591254723   1226.500       4907  -26.58714   67.66548     294420     368629   6362.512     544875  0.000e+00
    421.115     2.9454     0.0639     0.0932     3.2690 1591254723   1226.750       4908  -26.58714   67.66548     294480     368704   6362.391     544885  0.000e+00
    421.413     2.9447     0.0633     0.0934     3.2697 1591254723   1227.000       4909  -26.58714   67.66548     294540     368756   6362.160     544899  0.000e+00
    421.669     2.9443     0.0637     0.0929     3.2702 1591254723   1227.250       4910  -26.58714   67.66548     294600     368799   6361.879     544911  0.000e+00
    421.924     2.9445     0.0636     0.0931     3.2692 1591254724   1227.500       4911  -26.58714   67.66548     294660     368848   6361.703     544923  0.000e+00
    422.265     2.9445     0.0639     0.0932     3.2697 1591254724   1227.750       4912  -26.58714   67.66548     294720     368895   6361.598     544939  0.000e+00
    422.520     2.9445     0.0638     0.0929     3.2689 1591254724   1228.000       4913  -26.58714   67.66548     294780     368928   6361.477     544951  0.000e+00
    422.882     2.9441     0.0637     0.0935     3.2702 1591254724   1228.250       4914  -26.58714   67.66548     294840     368956   6361.371     544968  0.000e+00
    423.202     2.9449     0.0639     0.0938     3.2699 1591254725   1228.500       4915  -26.58714   67.66548     294900     368981   6361.266     544983  0.000e+00
