content/post/2020-12-05-hacking-sbe/cast1.cnv
* Sea-Bird SBE 19plus V2 Data File:
* FileName = Cast1.hex
* Software Version Seasave V 7.26.7.121
* Temperature SN = 0001
* Conductivity SN = 0001
* Append System Time to Every Scan
* System UpLoad Time = Jun 04 2020 06:51:13
* NMEA Latitude = 66 37.82718 S
* NMEA Longitude = 063 19.93296 E
* NMEA UTC (Time) = Jun 04 2020 06:50:05
** Ship: SBS University
** Station: Unit 1
** Operator: Somebody
# nquan = 15
# nvalues = 50171                                 
# units = specified
# name 0 = prdM: Pressure, Strain Gauge [db]
# name 1 = v0: Voltage 0
# name 2 = v1: Voltage 1
# name 3 = v2: Voltage 2
# name 4 = v3: Voltage 3
# name 5 = timeY: Time, System [seconds]
# name 6 = timeS: Time, Elapsed [seconds]
# name 7 = scan: Scan Count
# name 8 = latitude: Latitude [deg]
# name 9 = longitude: Longitude [deg]
# name 10 = nbytes: Byte Count
# name 11 = f0: Frequency 0
# name 12 = f1: Frequency 1
# name 13 = f2: Frequency 2
# name 14 = flag:  0.000e+00
# span 0 =      0.748,   4084.532                 
# span 1 =     1.5024,     3.4238                 
# span 2 =     0.0085,     4.9850                 
# span 3 =     0.0458,     4.9859                 
# span 4 =     2.5154,     3.5319                 
# span 5 = 1591253473, 1591266247                 
# span 6 =      0.000,  12542.500                 
# span 7 =          1,      50171                 
# span 8 =  -26.58740,  -26.58692                 
# span 9 =   67.66512,   67.66596                 
# span 10 =         60,    3010260                
# span 11 =     251092,     546474                
# span 12 =   2901.805,   6976.199                
# span 13 =     525117,     714856                
# span 14 = 0.0000e+00, 0.0000e+00                
# interval = seconds: 0.25
# start_time = Jun 04 2020 06:51:13 [System UTC, first data scan.]
# bad_flag = -9.990e-29
*END*
[from data line 2410]
     52.185     3.4043     0.0759     0.0962     3.3439 1591254091    602.500       2411  -26.58694   67.66570     144660     251216   6974.434     527538  0.000e+00
     52.270     3.4044     0.0758     0.0959     3.3446 1591254091    602.750       2412  -26.58694   67.66570     144720     251216   6974.453     527542  0.000e+00
     52.355     3.4047     0.0758     0.0958     3.3446 1591254091    603.000       2413  -26.58694   67.66570     144780     251217   6974.434     527546  0.000e+00
     52.397     3.4047     0.0739     0.0987     3.3445 1591254091    603.250       2414  -26.58694   67.66570     144840     251216   6974.461     527548  0.000e+00
     52.461     3.4040     0.0733     0.0992     3.3444 1591254092    603.500       2415  -26.58694   67.66570     144900     251217   6974.453     527551  0.000e+00
     52.482     3.4032     0.0739     0.0991     3.3445 1591254092    603.750       2416  -26.58694   67.66570     144960     251216   6974.453     527552  0.000e+00
     52.461     3.4030     0.0736     0.0985     3.3441 1591254092    604.000       2417  -26.58694   67.66570     145020     251217   6974.453     527551  0.000e+00
     52.440     3.4028     0.0759     0.0972     3.3447 1591254092    604.250       2418  -26.58694   67.66570     145080     251215   6974.461     527550  0.000e+00
     52.376     3.4032     0.0766     0.0975     3.3444 1591254093    604.500       2419  -26.58694   67.66570     145140     251218   6974.453     527547  0.000e+00
     52.291     3.4035     0.0759     0.0974     3.3448 1591254093    604.750       2420  -26.58694   67.66570     145200     251217   6974.453     527543  0.000e+00
     52.249     3.4034     0.0763     0.0972     3.3442 1591254093    605.000       2421  -26.58694   67.66570     145260     251217   6974.453     527541  0.000e+00
     52.142     3.4035     0.0766     0.0972     3.3442 1591254093    605.250       2422  -26.58694   67.66570     145320     251219   6974.434     527536  0.000e+00
     52.079     3.4040     0.0771     0.0975     3.3441 1591254094    605.500       2423  -26.58694   67.66570     145380     251218   6974.441     527533  0.000e+00
     51.994     3.4043     0.0782     0.0974     3.3441 1591254094    605.750       2424  -26.58694   67.66570     145440     251219   6974.453     527529  0.000e+00
     51.972     3.4045     0.0774     0.0969     3.3439 1591254094    606.000       2425  -26.58694   67.66570     145500     251218   6974.434     527528  0.000e+00
     51.888     3.4044     0.0776     0.0970     3.3439 1591254094    606.250       2426  -26.58694   67.66570     145560     251220   6974.453     527524  0.000e+00
     51.888     3.4037     0.0750     0.0960     3.3440 1591254095    606.500       2427  -26.58694   67.66570     145620     251218   6974.441     527524  0.000e+00
     51.866     3.4042     0.0752     0.0958     3.3443 1591254095    606.750       2428  -26.58694   67.66570     145680     251218   6974.434     527523  0.000e+00
     51.909     3.4036     0.0745     0.0967     3.3443 1591254095    607.000       2429  -26.58694   67.66570     145740     251220   6974.434     527525  0.000e+00
     51.888     3.4034     0.0749     0.0961     3.3442 1591254095    607.250       2430  -26.58694   67.66570     145800     251219   6974.434     527524  0.000e+00
     51.909     3.4025     0.0756     0.0976     3.3437 1591254096    607.500       2431  -26.58694   67.66570     145860     251218   6974.441     527525  0.000e+00
     51.930     3.4037     0.0752     0.0972     3.3439 1591254096    607.750       2432  -26.58694   67.66570     145920     251217   6974.453     527526  0.000e+00
     51.951     3.4032     0.0749     0.0977     3.3436 1591254096    608.000       2433  -26.58694   67.66570     145980     251219   6974.453     527527  0.000e+00
     52.015     3.4032     0.0748     0.0973     3.3434 1591254097    608.250       2434  -26.58694   67.66570     146040     251218   6974.434     527530  0.000e+00
     52.015     3.4038     0.0752     0.0948     3.3439 1591254097    608.500       2435  -26.58694   67.66570     146100     251218   6974.434     527530  0.000e+00
     51.973     3.4050     0.0749     0.0950     3.3444 1591254097    608.750       2436  -26.58694   67.66570     146160     251220   6974.441     527528  0.000e+00
     51.994     3.4048     0.0745     0.0952     3.3444 1591254097    609.000       2437  -26.58694   67.66568     146220     251218   6974.434     527529  0.000e+00
     52.015     3.4055     0.0752     0.0951     3.3439 1591254098    609.250       2438  -26.58694   67.66568     146280     251217   6974.434     527530  0.000e+00
     52.037     3.4058     0.0748     0.0953     3.3436 1591254098    609.500       2439  -26.58694   67.66568     146340     251220   6974.434     527531  0.000e+00
     52.058     3.4051     0.0753     0.0951     3.3441 1591254098    609.750       2440  -26.58694   67.66568     146400     251217   6974.441     527532  0.000e+00
     52.122     3.4048     0.0749     0.0953     3.3439 1591254098    610.000       2441  -26.58694   67.66568     146460     251218   6974.434     527535  0.000e+00
     52.122     3.4037     0.0750     0.0945     3.3441 1591254099    610.250       2442  -26.58694   67.66568     146520     251218   6974.453     527535  0.000e+00
     52.164     3.4039     0.0722     0.0973     3.3442 1591254099    610.500       2443  -26.58694   67.66568     146580     251217   6974.434     527537  0.000e+00
     52.249     3.4043     0.0723     0.0976     3.3445 1591254099    610.750       2444  -26.58694   67.66568     146640     251219   6974.461     527541  0.000e+00
     52.249     3.4042     0.0722     0.0975     3.3439 1591254099    611.000       2445  -26.58694   67.66568     146700     251218   6974.434     527541  0.000e+00
     52.313     3.4045     0.0726     0.0972     3.3440 1591254100    611.250       2446  -26.58694   67.66568     146760     251217   6974.434     527544  0.000e+00
     52.292     3.4042     0.0752     0.0989     3.3446 1591254100    611.500       2447  -26.58694   67.66568     146820     251217   6974.453     527543  0.000e+00
     52.313     3.4044     0.0752     0.0986     3.3438 1591254100    611.750       2448  -26.58694   67.66568     146880     251218   6974.461     527544  0.000e+00
     52.292     3.4047     0.0750     0.0988     3.3442 1591254100    612.000       2449  -26.58694   67.66568     146940     251217   6974.453     527543  0.000e+00
     52.271     3.4054     0.0752     0.0991     3.3440 1591254101    612.250       2450  -26.58694   67.66568     147000     251216   6974.434     527542  0.000e+00
     52.186     3.4044     0.0745     0.0986     3.3437 1591254101    612.500       2451  -26.58694   67.66568     147060     251216   6974.434     527538  0.000e+00
     52.122     3.4040     0.0745     0.0977     3.3437 1591254101    612.750       2452  -26.58694   67.66568     147120     251218   6974.434     527535  0.000e+00
     52.058     3.4035     0.0752     0.0967     3.3443 1591254101    613.000       2453  -26.58694   67.66568     147180     251217   6974.441     527532  0.000e+00
     51.995     3.4034     0.0753     0.0974     3.3437 1591254102    613.250       2454  -26.58694   67.66568     147240     251216   6974.434     527529  0.000e+00
     51.952     3.4042     0.0747     0.0974     3.3444 1591254102    613.500       2455  -26.58694   67.66568     147300     251217   6974.453     527527  0.000e+00
     51.910     3.4044     0.0747     0.0985     3.3442 1591254102    613.750       2456  -26.58694   67.66568     147360     251218   6974.434     527525  0.000e+00
     51.782     3.4047     0.0751     0.0984     3.3441 1591254102    614.000       2457  -26.58694   67.66568     147420     251218   6974.422     527519  0.000e+00
     51.782     3.4044     0.0750     0.0987     3.3442 1591254103    614.250       2458  -26.58694   67.66568     147480     251219   6974.414     527519  0.000e+00
     51.676     3.4048     0.0754     0.0985     3.3443 1591254103    614.500       2459  -26.58694   67.66568     147540     251218   6974.414     527514  0.000e+00
     51.676     3.4048     0.0748     0.0949     3.3445 1591254103    614.750       2460  -26.58692   67.66568     147600     251218   6974.414     527514  0.000e+00
     51.613     3.4050     0.0750     0.0951     3.3436 1591254103    615.000       2461  -26.58692   67.66568     147660     251217   6974.441     527511  0.000e+00
     51.549     3.4049     0.0750     0.0943     3.3442 1591254104    615.250       2462  -26.58692   67.66568     147720     251220   6974.414     527508  0.000e+00
     51.549     3.4057     0.0748     0.0951     3.3436 1591254104    615.500       2463  -26.58692   67.66568     147780     251218   6974.434     527508  0.000e+00
     51.549     3.4053     0.0763     0.0973     3.3442 1591254104    615.750       2464  -26.58692   67.66568     147840     251219   6974.414     527508  0.000e+00
     51.549     3.4050     0.0761     0.0977     3.3436 1591254104    616.000       2465  -26.58692   67.66568     147900     251220   6974.434     527508  0.000e+00
     51.528     3.4060     0.0764     0.0973     3.3439 1591254105    616.250       2466  -26.58692   67.66568     147960     251218   6974.422     527507  0.000e+00
     51.485     3.4066     0.0758     0.0977     3.3439 1591254105    616.500       2467  -26.58692   67.66568     148020     251217   6974.434     527505  0.000e+00
     51.507     3.4060     0.0751     0.0973     3.3443 1591254105    616.750       2468  -26.58692   67.66568     148080     251218   6974.414     527506  0.000e+00
     51.592     3.4061     0.0748     0.0974     3.3443 1591254105    617.000       2469  -26.58692   67.66568     148140     251219   6974.434     527510  0.000e+00
     51.592     3.4051     0.0750     0.0977     3.3444 1591254106    617.250       2470  -26.58692   67.66568     148200     251219   6974.422     527510  0.000e+00
     51.634     3.4047     0.0741     0.0972     3.3441 1591254106    617.500       2471  -26.58692   67.66568     148260     251218   6974.414     527512  0.000e+00
     51.698     3.4032     0.0736     0.0974     3.3442 1591254106    617.750       2472  -26.58694   67.66568     148320     251218   6974.453     527515  0.000e+00
     51.783     3.4040     0.0732     0.0970     3.3439 1591254106    618.000       2473  -26.58694   67.66568     148380     251217   6974.434     527519  0.000e+00
     51.889     3.4028     0.0734     0.0975     3.3439 1591254107    618.250       2474  -26.58694   67.66568     148440     251217   6974.422     527524  0.000e+00
     51.974     3.4031     0.0739     0.0975     3.3442 1591254107    618.500       2475  -26.58694   67.66568     148500     251218   6974.434     527528  0.000e+00
     52.123     3.4026     0.0738     0.0972     3.3439 1591254107    618.750       2476  -26.58694   67.66568     148560     251218   6974.434     527535  0.000e+00
     52.229     3.4035     0.0735     0.0970     3.3441 1591254107    619.000       2477  -26.58694   67.66568     148620     251217   6974.434     527540  0.000e+00
     52.356     3.4044     0.0730     0.0970     3.3439 1591254108    619.250       2478  -26.58694   67.66568     148680     251218   6974.461     527546  0.000e+00
     52.547     3.4041     0.0740     0.0972     3.3438 1591254108    619.500       2479  -26.58694   67.66568     148740     251217   6974.434     527555  0.000e+00
     52.675     3.4044     0.0735     0.0975     3.3439 1591254108    619.750       2480  -26.58694   67.66568     148800     251217   6974.453     527561  0.000e+00
     52.802     3.4045     0.0735     0.0979     3.3439 1591254108    620.000       2481  -26.58694   67.66568     148860     251217   6974.453     527567  0.000e+00
     52.951     3.4039     0.0739     0.0977     3.3442 1591254109    620.250       2482  -26.58694   67.66568     148920     251216   6974.453     527574  0.000e+00
     53.015     3.4043     0.0741     0.0977     3.3437 1591254109    620.500       2483  -26.58694   67.66568     148980     251218   6974.480     527577  0.000e+00
     53.079     3.4041     0.0738     0.0970     3.3444 1591254109    620.750       2484  -26.58694   67.66568     149040     251216   6974.473     527580  0.000e+00
     53.100     3.4039     0.0712     0.0986     3.3437 1591254110    621.000       2485  -26.58694   67.66568     149100     251217   6974.453     527581  0.000e+00
     53.121     3.4047     0.0713     0.0981     3.3439 1591254110    621.250       2486  -26.58694   67.66568     149160     251215   6974.453     527582  0.000e+00
     53.057     3.4039     0.0710     0.0989     3.3441 1591254110    621.500       2487  -26.58694   67.66568     149220     251215   6974.461     527579  0.000e+00
     52.930     3.4032     0.0713     0.0988     3.3438 1591254110    621.750       2488  -26.58694   67.66568     149280     251216   6974.473     527573  0.000e+00
     52.845     3.4038     0.0745     0.0989     3.3436 1591254111    622.000       2489  -26.58694   67.66568     149340     251215   6974.453     527569  0.000e+00
     52.675     3.4028     0.0748     0.0986     3.3439 1591254111    622.250       2490  -26.58694   67.66568     149400     251216   6974.453     527561  0.000e+00
     52.527     3.4022     0.0751     0.0991     3.3439 1591254111    622.500       2491  -26.58694   67.66568     149460     251217   6974.461     527554  0.000e+00
     52.335     3.4032     0.0755     0.0984     3.3442 1591254111    622.750       2492  -26.58694   67.66568     149520     251214   6974.453     527545  0.000e+00
     52.165     3.4031     0.0758     0.0975     3.3435 1591254112    623.000       2493  -26.58694   67.66568     149580     251215   6974.453     527537  0.000e+00
     51.974     3.4023     0.0746     0.0975     3.3436 1591254112    623.250       2494  -26.58694   67.66568     149640     251215   6974.434     527528  0.000e+00
     51.847     3.4042     0.0745     0.0970     3.3436 1591254112    623.500       2495  -26.58694   67.66568     149700     251217   6974.434     527522  0.000e+00
     51.635     3.4038     0.0752     0.0974     3.3437 1591254112    623.750       2496  -26.58694   67.66568     149760     251214   6974.422     527512  0.000e+00
     51.486     3.4042     0.0753     0.0976     3.3442 1591254113    624.000       2497  -26.58694   67.66568     149820     251217   6974.434     527505  0.000e+00
     51.295     3.4044     0.0749     0.0972     3.3431 1591254113    624.250       2498  -26.58694   67.66568     149880     251214   6974.414     527496  0.000e+00
     51.210     3.4044     0.0745     0.0975     3.3440 1591254113    624.500       2499  -26.58694   67.66568     149940     251218   6974.414     527492  0.000e+00
     51.082     3.4052     0.0751     0.0977     3.3437 1591254113    624.750       2500  -26.58694   67.66568     150000     251217   6974.422     527486  0.000e+00
     50.997     3.4048     0.0750     0.0974     3.3436 1591254114    625.000       2501  -26.58694   67.66568     150060     251216   6974.414     527482  0.000e+00
     50.976     3.4050     0.0739     0.0968     3.3431 1591254114    625.250       2502  -26.58694   67.66568     150120     251219   6974.414     527481  0.000e+00
     50.934     3.4052     0.0738     0.0974     3.3436 1591254114    625.500       2503  -26.58694   67.66568     150180     251217   6974.395     527479  0.000e+00
     50.913     3.4050     0.0731     0.0974     3.3435 1591254114    625.750       2504  -26.58694   67.66568     150240     251219   6974.402     527478  0.000e+00
     50.976     3.4044     0.0734     0.0974     3.3439 1591254115    626.000       2505  -26.58694   67.66568     150300     251219   6974.395     527481  0.000e+00
     51.019     3.4049     0.0736     0.0963     3.3433 1591254115    626.250       2506  -26.58694   67.66568     150360     251218   6974.395     527483  0.000e+00
