content/post/2020-12-05-hacking-sbe/cast1.cnv
* Sea-Bird SBE 19plus V2 Data File:
* FileName = Cast1.hex
* Software Version Seasave V 7.26.7.121
* Temperature SN = 0001
* Conductivity SN = 0001
* Append System Time to Every Scan
* System UpLoad Time = Jun 04 2020 06:51:13
* NMEA Latitude = 66 37.82718 S
* NMEA Longitude = 063 19.93296 E
* NMEA UTC (Time) = Jun 04 2020 06:50:05
** Ship: SBS University
** Station: Unit 1
** Operator: Somebody
# nquan = 15
# nvalues = 50171                                 
# units = specified
# name 0 = prdM: Pressure, Strain Gauge [db]
# name 1 = v0: Voltage 0
# name 2 = v1: Voltage 1
# name 3 = v2: Voltage 2
# name 4 = v3: Voltage 3
# name 5 = timeY: Time, System [seconds]
# name 6 = timeS: Time, Elapsed [seconds]
# name 7 = scan: Scan Count
# name 8 = latitude: Latitude [deg]
# name 9 = longitude: Longitude [deg]
# name 10 = nbytes: Byte Count
# name 11 = f0: Frequency 0
# name 12 = f1: Frequency 1
# name 13 = f2: Frequency 2
# name 14 = flag:  0.000e+00
# span 0 =      0.748,   4084.532                 
# span 1 =     1.5024,     3.4238                 
# span 2 =     0.0085,     4.9850                 
# span 3 =     0.0458,     4.9859                 
# span 4 =     2.5154,     3.5319                 
# span 5 = 1591253473, 1591266247                 
# span 6 =      0.000,  12542.500                 
# span 7 =          1,      50171                 
# span 8 =  -26.58740,  -26.58692                 
# span 9 =   67.66512,   67.66596                 
# span 10 =         60,    3010260                
# span 11 =     251092,     546474                
# span 12 =   2901.805,   6976.199                
# span 13 =     525117,     714856                
# span 14 = 0.0000e+00, 0.0000e+00                
# interval = seconds: 0.25
# start_time = Jun 04 2020 06:51:13 [System UTC, first data scan.]
# bad_flag = -9.990e-29
*END*
[from data line 579]
      0.790     3.3083     0.1151     4.9844     2.5252 1591253623    144.750        580  -26.58714   67.66558      34800     287190   3042.129     525119  0.000e+00
      0.790     3.3082     0.1151     4.9846     2.5264 1591253624    145.000        581  -26.58714   67.66558      34860     287186   3039.266     525119  0.000e+00
      0.854     3.3089     0.1307     4.9850     2.5264 1591253624    145.250        582  -26.58714   67.66558      34920     287186   3039.539     525122  0.000e+00
      0.811     3.3087     0.1312     4.9841     2.5267 1591253624    145.500        583  -26.58714   67.66558      34980     287184   3041.473     525120  0.000e+00
      0.832     3.3084     0.1308     4.9854     2.5270 1591253624    145.750        584  -26.58714   67.66558      35040     287180   3038.113     525121  0.000e+00
      0.875     3.3082     0.1315     4.9841     2.5265 1591253625    146.000        585  -26.58714   67.66558      35100     287178   3041.219     525123  0.000e+00
      0.832     3.3085     0.1315     4.9843     2.5263 1591253625    146.250        586  -26.58714   67.66558      35160     287176   3040.895     525121  0.000e+00
      0.811     3.3082     0.1362     4.9842     2.5261 1591253625    146.500        587  -26.58714   67.66558      35220     287172   3040.246     525120  0.000e+00
      0.853     3.3091     0.1357     4.9850     2.5264 1591253625    146.750        588  -26.58714   67.66556      35280     287174   3040.465     525122  0.000e+00
      0.832     3.3088     0.1363     4.9840     2.5266 1591253626    147.000        589  -26.58714   67.66556      35340     287169   3039.539     525121  0.000e+00
      0.790     3.3091     0.1365     4.9850     2.5268 1591253626    147.250        590  -26.58714   67.66556      35400     287167   3038.008     525119  0.000e+00
      0.853     3.3085     0.1359     4.9847     2.5274 1591253626    147.500        591  -26.58714   67.66556      35460     287166   3037.570     525122  0.000e+00
      0.790     3.3095     0.1360     4.9846     2.5270 1591253626    147.750        592  -26.58714   67.66556      35520     287164   3035.957     525119  0.000e+00
      0.832     3.3081     0.1364     4.9846     2.5265 1591253627    148.000        593  -26.58714   67.66556      35580     287164   3035.188     525121  0.000e+00
      0.875     3.3093     0.1365     4.9847     2.5265 1591253627    148.250        594  -26.58714   67.66556      35640     287164   3035.336     525123  0.000e+00
      0.811     3.3087     0.1357     4.9845     2.5265 1591253627    148.500        595  -26.58714   67.66556      35700     287164   3034.516     525120  0.000e+00
      0.832     3.3086     0.1359     4.9844     2.5264 1591253627    148.750        596  -26.58714   67.66556      35760     287163   3035.309     525121  0.000e+00
      0.853     3.3086     0.1365     4.9847     2.5270 1591253628    149.000        597  -26.58714   67.66556      35820     287160   3034.770     525122  0.000e+00
      0.832     3.3095     0.1360     4.9854     2.5269 1591253628    149.250        598  -26.58714   67.66556      35880     287160   3034.910     525121  0.000e+00
      0.811     3.3091     0.1357     4.9846     2.5260 1591253628    149.500        599  -26.58714   67.66556      35940     287160   3034.934     525120  0.000e+00
      0.790     3.3089     0.1360     4.9841     2.5258 1591253628    149.750        600  -26.58714   67.66556      36000     287159   3034.078     525119  0.000e+00
      0.811     3.3089     0.1363     4.9844     2.5261 1591253629    150.000        601  -26.58714   67.66556      36060     287155   3032.832     525120  0.000e+00
      0.811     3.3096     0.1361     4.9841     2.5265 1591253629    150.250        602  -26.58714   67.66556      36120     287156   3030.754     525120  0.000e+00
      0.832     3.3094     0.1362     4.9852     2.5263 1591253629    150.500        603  -26.58714   67.66556      36180     287152   3025.414     525121  0.000e+00
      0.854     3.3083     0.1341     4.9847     2.5257 1591253629    150.750        604  -26.58714   67.66556      36240     287149   3018.660     525122  0.000e+00
      0.790     3.3087     0.1338     4.9846     2.5262 1591253630    151.000        605  -26.58714   67.66556      36300     287146   3013.852     525119  0.000e+00
      0.832     3.3092     0.1335     4.9848     2.5263 1591253630    151.250        606  -26.58714   67.66556      36360     287144   3010.082     525121  0.000e+00
      0.811     3.3082     0.1338     4.9846     2.5253 1591253630    151.500        607  -26.58714   67.66556      36420     287142   3006.395     525120  0.000e+00
      0.854     3.3089     0.1292     4.9846     2.5256 1591253630    151.750        608  -26.58714   67.66556      36480     287138   3001.191     525122  0.000e+00
      0.811     3.3081     0.1304     4.9844     2.5252 1591253631    152.000        609  -26.58714   67.66556      36540     287132   2996.492     525120  0.000e+00
      0.832     3.3092     0.1296     4.9845     2.5248 1591253631    152.250        610  -26.58714   67.66556      36600     287131   2992.848     525121  0.000e+00
      0.854     3.3087     0.1297     4.9847     2.5245 1591253631    152.500        611  -26.58714   67.66556      36660     287128   2991.313     525122  0.000e+00
      0.811     3.3084     0.1323     4.9846     2.5248 1591253631    152.750        612  -26.58714   67.66556      36720     287125   2992.125     525120  0.000e+00
      0.832     3.3085     0.1320     4.9844     2.5245 1591253632    153.000        613  -26.58714   67.66556      36780     287124   2997.340     525121  0.000e+00
      0.832     3.3089     0.1319     4.9844     2.5241 1591253632    153.250        614  -26.58714   67.66556      36840     287122   3008.004     525121  0.000e+00
      0.853     3.3093     0.1324     4.9844     2.5235 1591253632    153.500        615  -26.58714   67.66556      36900     287120   3017.746     525122  0.000e+00
      0.832     3.3088     0.1393     4.9845     2.5234 1591253632    153.750        616  -26.58714   67.66556      36960     287116   3031.398     525121  0.000e+00
      0.832     3.3090     0.1401     4.9844     2.5235 1591253633    154.000        617  -26.58714   67.66556      37020     287114   3037.508     525121  0.000e+00
      0.832     3.3092     0.1398     4.9844     2.5234 1591253633    154.250        618  -26.58714   67.66556      37080     287113   3036.191     525121  0.000e+00
      0.832     3.3101     0.1399     4.9847     2.5241 1591253633    154.500        619  -26.58714   67.66556      37140     287111   3033.602     525121  0.000e+00
      0.832     3.3085     0.1372     4.9847     2.5234 1591253633    154.750        620  -26.58714   67.66556      37200     287113   3031.676     525121  0.000e+00
      0.832     3.3096     0.1376     4.9846     2.5234 1591253634    155.000        621  -26.58714   67.66556      37260     287113   3032.059     525121  0.000e+00
      0.832     3.3090     0.1373     4.9846     2.5229 1591253634    155.250        622  -26.58714   67.66556      37320     287115   3033.723     525121  0.000e+00
      0.811     3.3091     0.1368     4.9842     2.5225 1591253634    155.500        623  -26.58714   67.66556      37380     287115   3034.297     525120  0.000e+00
      0.790     3.3095     0.1398     4.9850     2.5225 1591253634    155.750        624  -26.58714   67.66556      37440     287118   3033.906     525119  0.000e+00
      0.854     3.3098     0.1397     4.9843     2.5231 1591253635    156.000        625  -26.58714   67.66556      37500     287121   3033.027     525122  0.000e+00
      0.811     3.3088     0.1402     4.9847     2.5224 1591253635    156.250        626  -26.58714   67.66556      37560     287120   3031.832     525120  0.000e+00
      0.832     3.3083     0.1396     4.9847     2.5231 1591253635    156.500        627  -26.58712   67.66556      37620     287117   3030.023     525121  0.000e+00
      0.811     3.3093     0.1401     4.9844     2.5229 1591253635    156.750        628  -26.58712   67.66556      37680     287118   3027.262     525120  0.000e+00
      0.811     3.3079     0.1373     4.9849     2.5229 1591253636    157.000        629  -26.58712   67.66556      37740     287117   3024.270     525120  0.000e+00
      0.854     3.3089     0.1372     4.9846     2.5235 1591253636    157.250        630  -26.58712   67.66556      37800     287115   3020.367     525122  0.000e+00
      0.832     3.3091     0.1371     4.9850     2.5241 1591253636    157.500        631  -26.58712   67.66556      37860     287114   3016.227     525121  0.000e+00
      0.790     3.3085     0.1372     4.9850     2.5241 1591253636    157.750        632  -26.58712   67.66556      37920     287111   3012.984     525119  0.000e+00
      0.811     3.3082     0.1382     4.9846     2.5238 1591253637    158.000        633  -26.58712   67.66556      37980     287110   3011.160     525120  0.000e+00
      0.811     3.3082     0.1383     4.9846     2.5232 1591253637    158.250        634  -26.58712   67.66556      38040     287108   3010.336     525120  0.000e+00
      0.790     3.3090     0.1384     4.9852     2.5237 1591253637    158.500        635  -26.58712   67.66556      38100     287105   3009.789     525119  0.000e+00
      0.790     3.3081     0.1389     4.9850     2.5234 1591253637    158.750        636  -26.58712   67.66556      38160     287104   3009.266     525119  0.000e+00
      0.811     3.3084     0.1379     4.9849     2.5234 1591253638    159.000        637  -26.58712   67.66556      38220     287099   3010.535     525120  0.000e+00
      0.832     3.3085     0.1376     4.9847     2.5239 1591253638    159.250        638  -26.58712   67.66556      38280     287099   3013.285     525121  0.000e+00
      0.790     3.3085     0.1373     4.9849     2.5239 1591253638    159.500        639  -26.58712   67.66556      38340     287095   3022.746     525119  0.000e+00
      0.790     3.3079     0.1376     4.9846     2.5245 1591253639    159.750        640  -26.58712   67.66556      38400     287093   3028.043     525119  0.000e+00
      0.790     3.3078     0.1373     4.9846     2.5234 1591253639    160.000        641  -26.58712   67.66556      38460     287091   3028.918     525119  0.000e+00
      0.832     3.3083     0.1373     4.9845     2.5237 1591253639    160.250        642  -26.58712   67.66556      38520     287087   3029.273     525121  0.000e+00
      0.832     3.3092     0.1377     4.9846     2.5242 1591253639    160.500        643  -26.58712   67.66556      38580     287089   3028.867     525121  0.000e+00
      0.832     3.3088     0.1370     4.9848     2.5243 1591253640    160.750        644  -26.58712   67.66556      38640     287087   3028.121     525121  0.000e+00
      0.832     3.3091     0.1376     4.9846     2.5241 1591253640    161.000        645  -26.58712   67.66556      38700     287087   3026.793     525121  0.000e+00
      0.811     3.3091     0.1370     4.9844     2.5235 1591253640    161.250        646  -26.58712   67.66556      38760     287088   3026.480     525120  0.000e+00
      0.854     3.3089     0.1373     4.9847     2.5232 1591253640    161.500        647  -26.58712   67.66556      38820     287087   3026.395     525122  0.000e+00
      0.811     3.3092     0.1373     4.9843     2.5236 1591253641    161.750        648  -26.58712   67.66556      38880     287087   3027.020     525120  0.000e+00
      0.790     3.3091     0.1376     4.9846     2.5232 1591253641    162.000        649  -26.58712   67.66556      38940     287089   3027.738     525119  0.000e+00
      0.832     3.3084     0.1381     4.9845     2.5235 1591253641    162.250        650  -26.58712   67.66556      39000     287085   3028.563     525121  0.000e+00
      0.811     3.3091     0.1381     4.9845     2.5240 1591253641    162.500        651  -26.58712   67.66556      39060     287087   3029.605     525120  0.000e+00
      0.832     3.3092     0.1385     4.9841     2.5226 1591253642    162.750        652  -26.58712   67.66556      39120     287090   3030.016     525121  0.000e+00
      0.790     3.3095     0.1379     4.9844     2.5232 1591253642    163.000        653  -26.58712   67.66556      39180     287087   3029.320     525119  0.000e+00
      0.854     3.3094     0.1405     4.9844     2.5234 1591253642    163.250        654  -26.58712   67.66556      39240     287086   3027.938     525122  0.000e+00
      0.811     3.3091     0.1405     4.9846     2.5235 1591253642    163.500        655  -26.58712   67.66556      39300     287084   3026.695     525120  0.000e+00
      0.790     3.3097     0.1411     4.9846     2.5242 1591253643    163.750        656  -26.58712   67.66556      39360     287083   3026.289     525119  0.000e+00
      0.811     3.3104     0.1408     4.9844     2.5234 1591253643    164.000        657  -26.58712   67.66556      39420     287080   3025.926     525120  0.000e+00
      0.811     3.3097     0.1433     4.9848     2.5238 1591253643    164.250        658  -26.58712   67.66554      39480     287079   3025.707     525120  0.000e+00
      0.811     3.3091     0.1435     4.9852     2.5235 1591253643    164.500        659  -26.58712   67.66554      39540     287077   3024.809     525120  0.000e+00
      0.790     3.3094     0.1437     4.9846     2.5236 1591253644    164.750        660  -26.58712   67.66554      39600     287073   3024.242     525119  0.000e+00
      0.790     3.3094     0.1434     4.9848     2.5235 1591253644    165.000        661  -26.58712   67.66554      39660     287073   3024.461     525119  0.000e+00
      0.811     3.3084     0.1434     4.9847     2.5231 1591253644    165.250        662  -26.58712   67.66554      39720     287072   3034.891     525120  0.000e+00
      0.769     3.3093     0.1434     4.9846     2.5238 1591253644    165.500        663  -26.58712   67.66554      39780     287071   3044.648     525118  0.000e+00
      0.811     3.3092     0.1432     4.9849     2.5238 1591253645    165.750        664  -26.58712   67.66554      39840     287071   3042.008     525120  0.000e+00
      0.833     3.3092     0.1435     4.9844     2.5235 1591253645    166.000        665  -26.58712   67.66554      39900     287070   3029.754     525121  0.000e+00
      0.790     3.3088     0.1399     4.9849     2.5232 1591253645    166.250        666  -26.58712   67.66554      39960     287066   3025.008     525119  0.000e+00
      0.790     3.3085     0.1404     4.9850     2.5231 1591253645    166.500        667  -26.58712   67.66554      40020     287064   3017.355     525119  0.000e+00
      0.811     3.3091     0.1397     4.9850     2.5231 1591253646    166.750        668  -26.58712   67.66554      40080     287062   3015.281     525120  0.000e+00
      0.790     3.3088     0.1401     4.9850     2.5241 1591253646    167.000        669  -26.58712   67.66554      40140     287056   3003.922     525119  0.000e+00
      0.833     3.3092     0.1399     4.9848     2.5239 1591253646    167.250        670  -26.58712   67.66554      40200     287052   2992.609     525121  0.000e+00
      0.790     3.3097     0.1436     4.9843     2.5245 1591253646    167.500        671  -26.58712   67.66554      40260     287048   2983.816     525119  0.000e+00
      0.812     3.3087     0.1431     4.9847     2.5236 1591253647    167.750        672  -26.58712   67.66554      40320     287042   2977.664     525120  0.000e+00
      0.833     3.3091     0.1439     4.9845     2.5245 1591253647    168.000        673  -26.58712   67.66554      40380     287039   2975.887     525121  0.000e+00
      0.812     3.3085     0.1434     4.9847     2.5244 1591253647    168.250        674  -26.58712   67.66556      40440     287030   2974.328     525120  0.000e+00
