content/post/2020-12-05-hacking-sbe/cast1.cnv
* Sea-Bird SBE 19plus V2 Data File:
* FileName = Cast1.hex
* Software Version Seasave V 7.26.7.121
* Temperature SN = 0001
* Conductivity SN = 0001
* Append System Time to Every Scan
* System UpLoad Time = Jun 04 2020 06:51:13
* NMEA Latitude = 66 37.82718 S
* NMEA Longitude = 063 19.93296 E
* NMEA UTC (Time) = Jun 04 2020 06:50:05
** Ship: SBS University
** Station: Unit 1
** Operator: Somebody
# nquan = 15
# nvalues = 50171                                 
# units = specified
# name 0 = prdM: Pressure, Strain Gauge [db]
# name 1 = v0: Voltage 0
# name 2 = v1: Voltage 1
# name 3 = v2: Voltage 2
# name 4 = v3: Voltage 3
# name 5 = timeY: Time, System [seconds]
# name 6 = timeS: Time, Elapsed [seconds]
# name 7 = scan: Scan Count
# name 8 = latitude: Latitude [deg]
# name 9 = longitude: Longitude [deg]
# name 10 = nbytes: Byte Count
# name 11 = f0: Frequency 0
# name 12 = f1: Frequency 1
# name 13 = f2: Frequency 2
# name 14 = flag:  0.000e+00
# span 0 =      0.748,   4084.532                 
# span 1 =     1.5024,     3.4238                 
# span 2 =     0.0085,     4.9850                 
# span 3 =     0.0458,     4.9859                 
# span 4 =     2.5154,     3.5319                 
# span 5 = 1591253473, 1591266247                 
# span 6 =      0.000,  12542.500                 
# span 7 =          1,      50171                 
# span 8 =  -26.58740,  -26.58692                 
# span 9 =   67.66512,   67.66596                 
# span 10 =         60,    3010260                
# span 11 =     251092,     546474                
# span 12 =   2901.805,   6976.199                
# span 13 =     525117,     714856                
# span 14 = 0.0000e+00, 0.0000e+00                
# interval = seconds: 0.25
# start_time = Jun 04 2020 06:51:13 [System UTC, first data scan.]
# bad_flag = -9.990e-29
*END*
[from data line 7037]
    833.940     2.3846     0.0639     0.0919     3.2251 1591255262   1759.250       7038  -26.58722   67.66544     422280     441272   6045.254     564252  0.000e+00
    834.282     2.3840     0.0642     0.0919     3.2245 1591255262   1759.500       7039  -26.58722   67.66542     422340     441374   6044.973     564268  0.000e+00
    834.581     2.3828     0.0633     0.0919     3.2249 1591255262   1759.750       7040  -26.58722   67.66542     422400     441462   6044.793     564282  0.000e+00
    834.815     2.3823     0.0637     0.0921     3.2251 1591255263   1760.000       7041  -26.58722   67.66542     422460     441531   6044.625     564293  0.000e+00
    835.007     2.3814     0.0637     0.0921     3.2244 1591255263   1760.250       7042  -26.58722   67.66542     422520     441590   6044.430     564302  0.000e+00
    835.199     2.3807     0.0635     0.0919     3.2258 1591255263   1760.500       7043  -26.58722   67.66542     422580     441639   6044.246     564311  0.000e+00
    835.370     2.3809     0.0646     0.0923     3.2248 1591255263   1760.750       7044  -26.58722   67.66542     422640     441688   6044.148     564319  0.000e+00
    835.477     2.3785     0.0645     0.0922     3.2247 1591255264   1761.000       7045  -26.58722   67.66542     422700     441731   6044.098     564324  0.000e+00
    835.626     2.3790     0.0634     0.0922     3.2242 1591255264   1761.250       7046  -26.58722   67.66542     422760     441754   6044.363     564331  0.000e+00
    835.711     2.3784     0.0638     0.0895     3.2241 1591255264   1761.500       7047  -26.58722   67.66542     422820     441747   6044.676     564335  0.000e+00
    835.818     2.3785     0.0640     0.0892     3.2246 1591255264   1761.750       7048  -26.58722   67.66542     422880     441698   6044.363     564340  0.000e+00
    835.946     2.3772     0.0637     0.0892     3.2245 1591255265   1762.000       7049  -26.58722   67.66542     422940     441693   6044.113     564346  0.000e+00
    836.095     2.3767     0.0636     0.0896     3.2246 1591255265   1762.250       7050  -26.58722   67.66542     423000     441729   6043.203     564353  0.000e+00
    836.202     2.3763     0.0649     0.0920     3.2242 1591255265   1762.500       7051  -26.58722   67.66542     423060     441836   6042.840     564358  0.000e+00
    836.308     2.3763     0.0648     0.0922     3.2236 1591255265   1762.750       7052  -26.58722   67.66542     423120     441956   6042.855     564363  0.000e+00
    836.436     2.3755     0.0653     0.0919     3.2242 1591255266   1763.000       7053  -26.58722   67.66542     423180     442032   6042.691     564369  0.000e+00
    836.564     2.3749     0.0655     0.0919     3.2243 1591255266   1763.250       7054  -26.58722   67.66542     423240     442080   6042.609     564375  0.000e+00
    836.671     2.3742     0.0648     0.0920     3.2239 1591255266   1763.500       7055  -26.58722   67.66542     423300     442118   6042.543     564380  0.000e+00
    836.799     2.3750     0.0637     0.0893     3.2245 1591255266   1763.750       7056  -26.58722   67.66542     423360     442147   6042.625     564386  0.000e+00
    836.970     2.3742     0.0639     0.0900     3.2245 1591255267   1764.000       7057  -26.58722   67.66542     423420     442157   6042.508     564394  0.000e+00
    837.098     2.3722     0.0640     0.0900     3.2235 1591255267   1764.250       7058  -26.58722   67.66542     423480     442170   6042.395     564400  0.000e+00
    837.205     2.3740     0.0637     0.0893     3.2241 1591255267   1764.500       7059  -26.58722   67.66542     423540     442190   6042.344     564405  0.000e+00
    837.397     2.3725     0.0634     0.0919     3.2240 1591255267   1764.750       7060  -26.58722   67.66542     423600     442207   6042.328     564414  0.000e+00
    837.525     2.3716     0.0642     0.0919     3.2236 1591255268   1765.000       7061  -26.58722   67.66542     423660     442223   6042.277     564420  0.000e+00
    837.695     2.3711     0.0642     0.0925     3.2242 1591255268   1765.250       7062  -26.58722   67.66542     423720     442232   6042.195     564428  0.000e+00
    837.866     2.3714     0.0640     0.0926     3.2246 1591255268   1765.500       7063  -26.58722   67.66542     423780     442248   6042.113     564436  0.000e+00
    838.080     2.3715     0.0636     0.0904     3.2237 1591255268   1765.750       7064  -26.58722   67.66542     423840     442265   6042.047     564446  0.000e+00
    838.250     2.3705     0.0640     0.0906     3.2235 1591255269   1766.000       7065  -26.58722   67.66542     423900     442284   6041.980     564454  0.000e+00
    838.464     2.3705     0.0636     0.0906     3.2237 1591255269   1766.250       7066  -26.58722   67.66542     423960     442304   6041.930     564464  0.000e+00
    838.656     2.3696     0.0636     0.0904     3.2231 1591255269   1766.500       7067  -26.58722   67.66542     424020     442319   6041.914     564473  0.000e+00
    838.912     2.3693     0.0624     0.0920     3.2233 1591255269   1766.750       7068  -26.58722   67.66542     424080     442330   6041.863     564485  0.000e+00
    839.147     2.3698     0.0623     0.0922     3.2232 1591255270   1767.000       7069  -26.58722   67.66542     424140     442343   6041.832     564496  0.000e+00
    839.424     2.3694     0.0627     0.0926     3.2232 1591255270   1767.250       7070  -26.58722   67.66542     424200     442355   6041.781     564509  0.000e+00
    839.702     2.3690     0.0620     0.0921     3.2229 1591255270   1767.500       7071  -26.58722   67.66542     424260     442365   6041.715     564522  0.000e+00
    839.958     2.3684     0.0635     0.0919     3.2230 1591255271   1767.750       7072  -26.58722   67.66542     424320     442379   6041.633     564534  0.000e+00
    840.278     2.3682     0.0642     0.0922     3.2229 1591255271   1768.000       7073  -26.58722   67.66542     424380     442398   6041.602     564549  0.000e+00
    840.620     2.3680     0.0636     0.0919     3.2225 1591255271   1768.250       7074  -26.58722   67.66542     424440     442415   6041.582     564565  0.000e+00
    841.004     2.3671     0.0637     0.0922     3.2219 1591255271   1768.500       7075  -26.58722   67.66542     424500     442425   6041.535     564583  0.000e+00
    841.367     2.3674     0.0633     0.0923     3.2223 1591255272   1768.750       7076  -26.58722   67.66542     424560     442439   6041.270     564600  0.000e+00
    841.730     2.3669     0.0642     0.0917     3.2229 1591255272   1769.000       7077  -26.58722   67.66542     424620     442475   6040.973     564617  0.000e+00
    842.136     2.3671     0.0634     0.0921     3.2224 1591255272   1769.250       7078  -26.58722   67.66542     424680     442534   6040.113     564636  0.000e+00
    842.477     2.3658     0.0632     0.0922     3.2216 1591255272   1769.500       7079  -26.58722   67.66542     424740     442669   6038.512     564652  0.000e+00
    842.862     2.3658     0.0639     0.0918     3.2221 1591255273   1769.750       7080  -26.58722   67.66542     424800     442924   6037.816     564670  0.000e+00
    843.225     2.3645     0.0634     0.0919     3.2221 1591255273   1770.000       7081  -26.58722   67.66542     424860     443167   6037.402     564687  0.000e+00
    843.524     2.3645     0.0633     0.0919     3.2225 1591255273   1770.250       7082  -26.58722   67.66542     424920     443345   6037.141     564701  0.000e+00
    843.737     2.3640     0.0637     0.0916     3.2224 1591255273   1770.500       7083  -26.58722   67.66542     424980     443472   6036.992     564711  0.000e+00
    843.908     2.3638     0.0637     0.0918     3.2225 1591255274   1770.750       7084  -26.58722   67.66542     425040     443550   6037.074     564719  0.000e+00
    843.993     2.3632     0.0636     0.0909     3.2224 1591255274   1771.000       7085  -26.58722   67.66542     425100     443583   6037.965     564723  0.000e+00
    844.035     2.3622     0.0633     0.0906     3.2231 1591255274   1771.250       7086  -26.58722   67.66542     425160     443517   6038.594     564725  0.000e+00
    844.014     2.3622     0.0637     0.0909     3.2223 1591255274   1771.500       7087  -26.58722   67.66542     425220     443389   6038.512     564724  0.000e+00
    843.992     2.3614     0.0641     0.0906     3.2220 1591255275   1771.750       7088  -26.58722   67.66542     425280     443309   6038.789     564723  0.000e+00
    843.928     2.3619     0.0636     0.0911     3.2223 1591255275   1772.000       7089  -26.58722   67.66542     425340     443242   6038.957     564720  0.000e+00
    843.928     2.3620     0.0638     0.0909     3.2222 1591255275   1772.250       7090  -26.58722   67.66542     425400     443184   6039.055     564720  0.000e+00
    843.885     2.3615     0.0645     0.0910     3.2222 1591255275   1772.500       7091  -26.58722   67.66542     425460     443138   6039.434     564718  0.000e+00
    843.864     2.3619     0.0632     0.0910     3.2222 1591255276   1772.750       7092  -26.58722   67.66542     425520     443074   6040.047     564717  0.000e+00
    843.885     2.3614     0.0642     0.0896     3.2219 1591255276   1773.000       7093  -26.58722   67.66542     425580     442980   6039.883     564718  0.000e+00
    843.970     2.3607     0.0636     0.0900     3.2222 1591255276   1773.250       7094  -26.58722   67.66542     425640     442927   6039.402     564722  0.000e+00
    844.013     2.3611     0.0636     0.0900     3.2216 1591255276   1773.500       7095  -26.58722   67.66542     425700     442940   6039.949     564724  0.000e+00
    844.141     2.3607     0.0645     0.0893     3.2216 1591255277   1773.750       7096  -26.58722   67.66542     425760     442922   6040.625     564730  0.000e+00
    844.333     2.3606     0.0643     0.0909     3.2216 1591255277   1774.000       7097  -26.58722   67.66542     425820     442831   6039.566     564739  0.000e+00
    844.525     2.3607     0.0640     0.0909     3.2216 1591255277   1774.250       7098  -26.58722   67.66542     425880     442866   6038.512     564748  0.000e+00
    844.739     2.3605     0.0633     0.0906     3.2217 1591255277   1774.500       7099  -26.58722   67.66542     425940     443031   6037.766     564758  0.000e+00
    845.016     2.3600     0.0639     0.0912     3.2215 1591255278   1774.750       7100  -26.58722   67.66542     426000     443221   6036.859     564771  0.000e+00
    845.251     2.3601     0.0645     0.0905     3.2212 1591255278   1775.000       7101  -26.58722   67.66542     426060     443427   6036.117     564782  0.000e+00
    845.550     2.3600     0.0642     0.0912     3.2206 1591255278   1775.250       7102  -26.58722   67.66542     426120     443636   6035.621     564796  0.000e+00
    845.892     2.3590     0.0637     0.0906     3.2215 1591255278   1775.500       7103  -26.58722   67.66542     426180     443807   6035.293     564812  0.000e+00
    846.148     2.3593     0.0639     0.0906     3.2214 1591255279   1775.750       7104  -26.58722   67.66542     426240     443937   6035.043     564824  0.000e+00
    846.446     2.3582     0.0643     0.0908     3.2205 1591255279   1776.000       7105  -26.58722   67.66542     426300     444038   6034.828     564838  0.000e+00
    846.831     2.3575     0.0637     0.0909     3.2210 1591255279   1776.250       7106  -26.58722   67.66542     426360     444113   6034.664     564856  0.000e+00
    847.108     2.3584     0.0639     0.0906     3.2216 1591255279   1776.500       7107  -26.58722   67.66542     426420     444175   6034.469     564869  0.000e+00
    847.429     2.3573     0.0644     0.0910     3.2213 1591255280   1776.750       7108  -26.58722   67.66542     426480     444228   6034.203     564884  0.000e+00
    847.685     2.3569     0.0640     0.0911     3.2210 1591255280   1777.000       7109  -26.58722   67.66542     426540     444290   6034.023     564896  0.000e+00
    847.984     2.3554     0.0643     0.0927     3.2220 1591255280   1777.250       7110  -26.58722   67.66542     426600     444346   6033.773     564910  0.000e+00
    848.219     2.3558     0.0639     0.0922     3.2213 1591255280   1777.500       7111  -26.58722   67.66542     426660     444404   6033.578     564921  0.000e+00
    848.474     2.3555     0.0639     0.0924     3.2208 1591255281   1777.750       7112  -26.58722   67.66542     426720     444457   6033.363     564933  0.000e+00
    848.666     2.3537     0.0637     0.0915     3.2210 1591255281   1778.000       7113  -26.58722   67.66542     426780     444512   6033.016     564942  0.000e+00
    848.816     2.3554     0.0636     0.0917     3.2215 1591255281   1778.250       7114  -26.58722   67.66542     426840     444583   6032.801     564949  0.000e+00
    849.008     2.3559     0.0637     0.0922     3.2212 1591255281   1778.500       7115  -26.58722   67.66542     426900     444648   6032.473     564958  0.000e+00
    849.157     2.3541     0.0636     0.0926     3.2216 1591255282   1778.750       7116  -26.58722   67.66542     426960     444721   6032.242     564965  0.000e+00
    849.307     2.3509     0.0636     0.0927     3.2209 1591255282   1779.000       7117  -26.58722   67.66542     427020     444790   6032.078     564972  0.000e+00
    849.541     2.3510     0.0641     0.0908     3.2203 1591255282   1779.250       7118  -26.58722   67.66542     427080     444849   6031.848     564983  0.000e+00
    849.733     2.3510     0.0630     0.0910     3.2203 1591255282   1779.500       7119  -26.58722   67.66542     427140     444902   6031.680     564992  0.000e+00
    849.947     2.3511     0.0638     0.0908     3.2205 1591255283   1779.750       7120  -26.58722   67.66542     427200     444955   6031.320     565002  0.000e+00
    850.182     2.3497     0.0643     0.0910     3.2215 1591255283   1780.000       7121  -26.58722   67.66542     427260     445026   6030.941     565013  0.000e+00
    850.417     2.3465     0.0640     0.0908     3.2210 1591255283   1780.250       7122  -26.58722   67.66542     427320     445112   6030.727     565024  0.000e+00
    850.695     2.3521     0.0639     0.0909     3.2210 1591255283   1780.500       7123  -26.58722   67.66542     427380     445187   6030.527     565037  0.000e+00
    850.908     2.3487     0.0640     0.0908     3.2208 1591255284   1780.750       7124  -26.58722   67.66542     427440     445248   6030.461     565047  0.000e+00
    851.186     2.3474     0.0634     0.0912     3.2204 1591255284   1781.000       7125  -26.58722   67.66542     427500     445288   6030.430     565060  0.000e+00
    851.399     2.3497     0.0632     0.0906     3.2203 1591255284   1781.250       7126  -26.58722   67.66542     427560     445317   6030.348     565070  0.000e+00
    851.655     2.3500     0.0639     0.0922     3.2208 1591255284   1781.500       7127  -26.58722   67.66542     427620     445337   6030.199     565082  0.000e+00
    851.847     2.3469     0.0640     0.0919     3.2202 1591255285   1781.750       7128  -26.58722   67.66542     427680     445366   6030.102     565091  0.000e+00
    851.997     2.3475     0.0638     0.0923     3.2203 1591255285   1782.000       7129  -26.58722   67.66542     427740     445395   6029.934     565098  0.000e+00
    852.167     2.3459     0.0641     0.0926     3.2206 1591255285   1782.250       7130  -26.58722   67.66542     427800     445426   6029.918     565106  0.000e+00
    852.274     2.3464     0.0637     0.0922     3.2203 1591255286   1782.500       7131  -26.58722   67.66542     427860     445449   6029.887     565111  0.000e+00
    852.381     2.3457     0.0639     0.0919     3.2204 1591255286   1782.750       7132  -26.58722   67.66542     427920     445465   6030.184     565116  0.000e+00
